Num       RefCount Protocol Flags    Type St Inode Path
8340a000: 00000002 00000000 00010000 0002 01   279 /dev/log
8340a1c0: 00000002 00000000 00010000 0002 01   283 /var/syslog-ng.ctl
8340a540: 00000002 00000000 00010000 0002 01   624 /var/run/ubus.sock
82adaa80: 00000003 00000000 00000000 0002 03  5907
836e28c0: 00000003 00000000 00000000 0002 03  3293
821451c0: 00000003 00000000 00000000 0002 03  7041 /dev/log
836e21c0: 00000003 00000000 00000000 0002 03  2374
821458c0: 00000002 00000000 00000000 0001 01 52725
820e9e00: 00000003 00000000 00000000 0002 03  4875
820e9700: 00000003 00000000 00000000 0002 03  4874
82b96540: 00000003 00000000 00000000 0002 03  3074
8340ac40: 00000003 00000000 00000000 0002 03   850
8200f540: 00000003 00000000 00000000 0002 03  3852
8200fc40: 00000003 00000000 00000000 0002 03  3854
82145380: 00000003 00000000 00000000 0002 03  6956
82ada8c0: 00000003 00000000 00000000 0002 03  5906
836e2a80: 00000003 00000000 00000000 0002 03  3294 /var/run/ubus.sock
82b96e00: 00000003 00000000 00000000 0002 03  4369 /dev/log
82b96700: 00000003 00000000 00000000 0002 03  3090 /var/run/ubus.sock
8340a700: 00000003 00000000 00000000 0002 03   778
8340ae00: 00000003 00000000 00000000 0002 03   851 /var/run/ubus.sock
8200f000: 00000003 00000000 00000000 0002 03  3838
8200f700: 00000003 00000000 00000000 0002 03  3851
8200fe00: 00000003 00000000 00000000 0002 03  3853
82adae00: 00000003 00000000 00000000 0002 03  5908 /var/run/ubus.sock
82145540: 00000003 00000000 00000000 0002 03  7040
82ada700: 00000003 00000000 00000000 0002 03  5649 /var/run/ubus.sock
836e2540: 00000003 00000000 00000000 0002 03  3309 /dev/log
82ada000: 00000003 00000000 00000000 0002 03  4876
82b968c0: 00000003 00000000 00000000 0002 03  3089
8340a8c0: 00000003 00000000 00000000 0002 03  1045
8200f1c0: 00000003 00000000 00000000 0002 03  9913
82145700: 00000003 00000000 00000000 0002 03 22035
82adac40: 00000003 00000000 00000000 0002 03  5911 /dev/log
836e2e00: 00000003 00000000 00000000 0002 03  2375
82145000: 00000003 00000000 00000000 0002 03  6957 /var/run/ubus.sock
82145e00: 00000003 00000000 00000000 0002 03 22036 /dev/log
82ada540: 00000003 00000000 00000000 0002 03  5648
836e2700: 00000003 00000000 00000000 0002 03  3308
836e2000: 00000003 00000000 00000000 0002 03  1073 /dev/log
82b96a80: 00000003 00000000 00000000 0002 03  4368
820e98c0: 00000003 00000000 00000000 0002 03  4873
82b96380: 00000003 00000000 00000000 0002 03  3075 /dev/log
8340a380: 00000003 00000000 00000000 0002 03   779 /var/run/ubus.sock
8340aa80: 00000002 00000000 00000000 0001 01  1007
8200f380: 00000003 00000000 00000000 0002 03  3839 /dev/log
8200fa80: 00000003 00000000 00000000 0002 03  9914 /dev/log
