sk       Eth Pid    Groups   Rmem     Wmem     Dump     Locks     Drops     Inode
83c56200 0   0      00000000 0        0        00000000 2        0        3       
83fd9200 0   1028   00000000 0        0        00000000 2        0        1008    
8343f600 0   2789   00000001 0        0        00000000 2        0        3304    
836d6600 0   6720   00000440 0        0        00000000 2        0        9902    
83fd9000 0   4195332 00000001 0        0        00000000 2        0        1009    
8343f000 0   2747   00000001 0        0        00000000 2        0        3215    
83f79600 0   5342   00000011 0        0        00000000 2        0        7046    
83d55e00 4   0      00000000 0        0        00000000 2        0        13      
83c8da00 10  0      00000000 0        0        00000000 2        0        7       
83d29400 12  0      00000000 0        0        00000000 2        0        14      
83c56400 15  0      00000000 0        0        00000000 2        0        4       
83fd9800 15  8389636 00000001 0        0        00000000 2        0        1010    
836b5400 15  778    00000001 0        0        00000000 2        0        526     
83c56800 16  0      00000000 0        0        00000000 2        0        5       
836b6c00 16  2789   00000010 0        0        00000000 2        0        3305    
836b6600 30  2789   00000001 0        0        00000000 2        0        3296    
83d55a00 30  0      00000000 0        0        00000000 2        0        12      
