fe800000000000000000000000000000 40 00000000000000000000000000000000 00 00000000000000000000000000000000 00000100 00000000 00000000 00000001     eth0
fe800000000000000000000000000000 40 00000000000000000000000000000000 00 00000000000000000000000000000000 00000100 00000000 00000000 00000001   br-lan
fe800000000000000000000000000000 40 00000000000000000000000000000000 00 00000000000000000000000000000000 00000100 00000000 00000000 00000001     ifb0
fe800000000000000000000000000000 40 00000000000000000000000000000000 00 00000000000000000000000000000000 00000100 00000000 00000000 00000001      wl2
fe800000000000000000000000000000 40 00000000000000000000000000000000 00 00000000000000000000000000000000 00000100 00000000 00000000 00000001   eth0.2
00000000000000000000000000000000 00 00000000000000000000000000000000 00 00000000000000000000000000000000 ffffffff 00000001 00000001 00200200       lo
00000000000000000000000000000001 80 00000000000000000000000000000000 00 00000000000000000000000000000000 00000000 00000001 00000000 80200001       lo
fe800000000000000000000000000000 80 00000000000000000000000000000000 00 00000000000000000000000000000000 00000000 00000001 00000000 00300001       lo
fe800000000000000000000000000000 80 00000000000000000000000000000000 00 00000000000000000000000000000000 00000000 00000001 00000000 00300001       lo
fe800000000000000000000000000000 80 00000000000000000000000000000000 00 00000000000000000000000000000000 00000000 00000001 00000000 00300001       lo
fe800000000000000000000000000000 80 00000000000000000000000000000000 00 00000000000000000000000000000000 00000000 00000001 00000000 00300001       lo
fe800000000000000000000000000000 80 00000000000000000000000000000000 00 00000000000000000000000000000000 00000000 00000001 00000000 00300001       lo
fe800000000000003431eefffe547121 80 00000000000000000000000000000000 00 00000000000000000000000000000000 00000000 00000001 00000000 80200001       lo
fe8000000000000050d2f5fffed7abad 80 00000000000000000000000000000000 00 00000000000000000000000000000000 00000000 00000001 00000000 80200001       lo
fe8000000000000052d2f5fffef7abac 80 00000000000000000000000000000000 00 00000000000000000000000000000000 00000000 00000001 00000000 80200001       lo
fe8000000000000052d2f5fffef7abac 80 00000000000000000000000000000000 00 00000000000000000000000000000000 00000000 00000001 00000000 80200001       lo
fe8000000000000052d2f5fffef7abac 80 00000000000000000000000000000000 00 00000000000000000000000000000000 00000000 00000001 00000000 80200001       lo
ff020000000000000000000000000001 80 00000000000000000000000000000000 00 00000000000000000000000000000000 00000000 00000000 00000001 01000001   br-lan
ff000000000000000000000000000000 08 00000000000000000000000000000000 00 00000000000000000000000000000000 00000100 00000000 00000000 00000001     eth0
ff000000000000000000000000000000 08 00000000000000000000000000000000 00 00000000000000000000000000000000 00000100 00000000 00000000 00000001   br-lan
ff000000000000000000000000000000 08 00000000000000000000000000000000 00 00000000000000000000000000000000 00000100 00000000 00000000 00000001     ifb0
ff000000000000000000000000000000 08 00000000000000000000000000000000 00 00000000000000000000000000000000 00000100 00000000 00000000 00000001      wl2
ff000000000000000000000000000000 08 00000000000000000000000000000000 00 00000000000000000000000000000000 00000100 00000000 00000000 00000001   eth0.2
00000000000000000000000000000000 00 00000000000000000000000000000000 00 00000000000000000000000000000000 ffffffff 00000001 00000001 00200200       lo
